DaysSinceIndexCase_CIncidence	CIncidence	DaysSinceIndexCase_CDeaths	CDeaths	DaysSinceIndexCase_CHCWIncidence	CHCWIncidence	DaysSinceIndexCase_CNewHospitalizations	CNewHospitalizations
0	5	0	3	0	0	0	2
1	10	1	4	1	0	1	3
2	11	2	4	2	0	2	4
3	11	3	6	3	0	3	4
5	12	5	7	5	0	5	4
6	12	6	7	6	0	6	4
7	12	7	7	7	0	7	4
11	14	11	9	11	1	11	4
13	18	13	11	13	1	13	4
14	35	14	12	14	2	14	4
16	38	16	12	16	4	16	6
17	42	17	12	17	5	17	9
18	44	18	12	18	6	18	12
20	48	20	16	20	6	20	12
21	49	21	18	21	6	21	13
22	53	22	22	22	6	22	14
26	54	26	23	26	6	26	15
27	57	27	24	27	6	27	16
29	60	29	25	29	6	29	18
32	62	32	28	32	6	32	19
36	67	36	31	36	7	36	21
39	67	39	33	39	7	39	21
43	76	43	37	43	8	43	28
44	79	44	41	44	8	44	37
47	81	47	45	47	9	47	39
50	86	50	52	50	10	50	41
52	92	52	58	52	10	52	43
54	96	54	61	54	10	54	46
56	103	56	66	56	11	56	53
57	105	57	68	57	13	57	55