DaysSinceIndexCase_CIncidence	CIncidence	DaysSinceIndexCase_CDeaths	CDeaths	DaysSinceIndexCase_CHCWIncidence	CHCWIncidence	DaysSinceIndexCase_CNewHospitalizations	CNewHospitalizations
0	NaN	0	NaN	0	NaN	0	NaN
5	2	5	0	5	0	5	2
8	17	8	6	8	0	8	11
9	25	9	7	9	0	9	11
10	29	10	8	10	0	10	14
11	32	11	10	11	0	11	16
13	36	13	12	13	0	13	17
14	40	14	12	14	0	14	21
15	42	15	12	15	0	15	23
19	52	19	16	19	0	19	28
21	58	21	20	21	0	21	28
22	65	22	23	22	2	22	30
24	76	24	25	24	4	24	36
25	85	25	26	25	5	25	41
26	87	26	26	26	6	26	44
28	91	28	31	28	6	28	44
29	95	29	36	29	6	29	46
30	99	30	40	30	6	30	47
34	106	34	42	34	6	34	50
35	109	35	44	35	6	35	51
37	112	37	48	37	6	37	53
40	117	40	51	40	6	40	57
44	127	44	54	44	7	44	60
47	130	47	58	47	8	47	60
51	162	51	64	51	13	51	68
52	181	52	73	52	13	52	77
55	212	55	88	55	15	55	88
58	255	58	97	58	19	58	90
60	266	60	110	60	19	60	101
62	276	62	117	62	19	62	114
64	297	64	124	64	24	64	127
65	331	65	137	65	26	65	132