DaysSinceIndexCase_CIncidence	CIncidence	DaysSinceIndexCase_CDeaths	CDeaths	DaysSinceIndexCase_CHCWIncidence	CHCWIncidence	DaysSinceIndexCase_CNewHospitalizations	CNewHospitalizations
0	1	0	0	0	0	0	0
4	3	4	0	4	0	4	2
7	13	7	3	7	0	7	9
8	16	8	3	8	0	8	16
9	19	9	4	9	0	9	19
10	22	10	6	10	0	10	21
12	25	12	7	12	0	12	22
13	29	13	7	13	0	13	26
14	31	14	7	14	0	14	28
18	39	18	9	18	0	18	33
20	41	20	11	20	0	20	33
21	45	21	13	21	1	21	35
23	52	23	14	23	3	23	39
24	57	24	14	24	3	24	44
25	57	25	14	25	3	25	44
27	57	27	15	27	3	27	44
28	60	28	18	28	3	28	45
29	60	29	18	29	3	29	45
33	66	33	19	33	3	33	47
34	66	34	20	34	3	34	47
36	66	36	23	36	3	36	47
39	69	39	23	39	3	39	50
43	73	43	23	43	3	43	51
46	73	46	23	46	3	46	51
50	80	50	24	50	3	50	52
51	84	51	26	51	3	51	52
54	111	54	34	54	4	54	61
57	146	57	36	57	4	57	61
59	150	59	42	59	4	59	70
61	151	61	45	61	4	61	80
63	160	63	46	63	4	63	86
64	186	64	54	64	4	64	89