0.1666666667	0.25	1	0.3333333333
0.09090909091	0.2	1	0.25
0.08333333333	0.2	1	0.2
0.08333333333	0.1428571429	1	0.2
0.07692307692	0.125	1	0.2
0.07692307692	0.125	1	0.2
0.07692307692	0.125	1	0.2
0.06666666667	0.1	0.5	0.2
0.05263157895	0.08333333333	0.5	0.2
0.02777777778	0.07692307692	0.3333333333	0.2
0.02564102564	0.07692307692	0.2	0.1428571429
0.02325581395	0.07692307692	0.1666666667	0.1
0.02222222222	0.07692307692	0.1428571429	0.07692307692
0.02040816327	0.05882352941	0.1428571429	0.07692307692
0.02	0.05263157895	0.1428571429	0.07142857143
0.01851851852	0.04347826087	0.1428571429	0.06666666667
0.01818181818	0.04166666667	0.1428571429	0.0625
0.01724137931	0.04	0.1428571429	0.05882352941
0.01639344262	0.03846153846	0.1428571429	0.05263157895
0.01587301587	0.03448275862	0.1428571429	0.05
0.01470588235	0.03125	0.125	0.04545454545
0.01470588235	0.02941176471	0.125	0.04545454545
0.01298701299	0.02631578947	0.1111111111	0.03448275862
0.0125	0.02380952381	0.1111111111	0.02631578947
0.01219512195	0.02173913043	0.1	0.025
0.01149425287	0.01886792453	0.09090909091	0.02380952381
0.01075268817	0.01694915254	0.09090909091	0.02272727273
0.01030927835	0.01612903226	0.09090909091	0.02127659574
0.009615384615	0.01492537313	0.08333333333	0.01851851852
0.009433962264	0.01449275362	0.07142857143	0.01785714286