DaysSinceIndexCase_CIncidence	CIncidence	DaysSinceIndexCase_CDeaths	CDeaths	DaysSinceIndexCase_CHCWIncidence	CHCWIncidence	DaysSinceIndexCase_CNewHospitalizations	CNewHospitalizations
0	2	0	0	0	0	0	2
3	17	3	6	3	0	3	11
4	25	4	7	4	0	4	11
5	29	5	8	5	0	5	14
6	32	6	10	6	0	6	16
8	36	8	12	8	0	8	17
9	40	9	12	9	0	9	21
10	42	10	12	10	0	10	23
14	52	14	16	14	0	14	28
16	58	16	20	16	0	16	28
17	65	17	23	17	2	17	30
19	76	19	25	19	4	19	36
20	85	20	26	20	5	20	41
21	87	21	26	21	6	21	44
23	91	23	31	23	6	23	44
24	95	24	36	24	6	24	46
25	99	25	40	25	6	25	47
29	106	29	42	29	6	29	50
30	109	30	44	30	6	30	51
32	112	32	48	32	6	32	53
35	117	35	51	35	6	35	57
39	127	39	54	39	7	39	60
42	130	42	58	42	8	42	60
46	162	46	64	46	13	46	68
47	181	47	73	47	13	47	77
50	212	50	88	50	15	50	88
53	255	53	97	53	19	53	90
55	266	55	110	55	19	55	101
57	276	57	117	57	19	57	114
59	297	59	124	59	24	59	127
<<<<<<< HEAD:SciencePaper_Code/EbolaData
60	331	60	137	60	26	60	132				
=======
60	331	60	137	60	26	60	132
65	391	65	166	65	27	65	164
68	410	68	183	68	29	68	164
70	434	70	194	70	29	70	174
71	490	71	224	71	30	71	188
73	555	73	247	73	30	73	203
78	584	78	275	78	31	78	215
85	657	85	309	85	35	85	247
86	733	86	356	86	37	86	264
87	757	87	383	87	39	87	284
88	809	88	419	88	42	88	308
89	863	89	470	89	43	89	348
90	933	90	514	90	46	90	392
91	968	91	536	91	49	91	402
92	1033	92	583	92	50	92	428
94	1092	94	629	94	51	94	433
95	1212	95	682	95	52	95	492
96	1287	96	735	96	55	96	528
97	1350	97	746	97	55	97	543
98	1397	98	783	98	56	98	574
99	1510	99	813	99	60	99	595
100	1609	100	867	100	60	100	647
101	1702	101	906	101	60	101	696
103	1777	103	945	103	64	103	718
>>>>>>> 56db39bd6e6985b9e9f5e9466c23d5a7a04824cd:VaccTreat_Code/Sensitivity Analysis/EbolaData
