0.3333333333	1	1	0.3333333333
0.05555555556	0.1428571429	1	0.08333333333
0.03846153846	0.125	1	0.08333333333
0.03333333333	0.1111111111	1	0.06666666667
0.0303030303	0.09090909091	1	0.05882352941
0.02702702703	0.07692307692	1	0.05555555556
0.0243902439	0.07692307692	1	0.04545454545
0.02325581395	0.07692307692	1	0.04166666667
0.01886792453	0.05882352941	1	0.03448275862
0.01694915254	0.04761904762	1	0.03448275862
0.01515151515	0.04166666667	0.3333333333	0.03225806452
0.01298701299	0.03846153846	0.2	0.02702702703
0.01162790698	0.03703703704	0.1666666667	0.02380952381
0.01136363636	0.03703703704	0.1428571429	0.02222222222
0.01086956522	0.03125	0.1428571429	0.02222222222
0.01041666667	0.02702702703	0.1428571429	0.02127659574
0.01	0.0243902439	0.1428571429	0.02083333333
0.009345794393	0.02325581395	0.1428571429	0.01960784314
0.009090909091	0.02222222222	0.1428571429	0.01923076923
0.008849557522	0.02040816327	0.1428571429	0.01851851852
0.008474576271	0.01923076923	0.1428571429	0.01724137931
0.0078125	0.01818181818	0.125	0.01639344262
0.007633587786	0.01694915254	0.1111111111	0.01639344262
0.006134969325	0.01538461538	0.07142857143	0.01449275362
0.005494505495	0.01351351351	0.07142857143	0.01282051282
0.004694835681	0.01123595506	0.0625	0.01123595506
0.00390625	0.01020408163	0.05	0.01098901099
0.003745318352	0.009009009009	0.05	0.009803921569
0.003610108303	0.008474576271	0.05	0.008695652174
0.003355704698	0.008	0.04	0.0078125
<<<<<<< HEAD:SciencePaper_Code/weights
0.003012048193	0.007246376812	0.03703703704	0.007518796992
=======
0.003012048193	0.007246376812	0.03703703704	0.007518796992
0.002551020408	0.005988023952	0.03571428571	0.006060606061
0.002433090024	0.005434782609	0.03333333333	0.006060606061
0.002298850575	0.005128205128	0.03333333333	0.005714285714
0.002036659878	0.004444444444	0.03225806452	0.005291005291
0.001798561151	0.004032258065	0.03225806452	0.004901960784
0.001709401709	0.003623188406	0.03125	0.00462962963
0.001519756839	0.003225806452	0.02777777778	0.004032258065
0.00136239782	0.002801120448	0.02631578947	0.003773584906
0.001319261214	0.002604166667	0.025	0.00350877193
0.001234567901	0.002380952381	0.02325581395	0.003236245955
0.001157407407	0.002123142251	0.02272727273	0.002865329513
0.001070663812	0.001941747573	0.02127659574	0.002544529262
0.001031991744	0.001862197393	0.02	0.002481389578
0.0009671179884	0.001712328767	0.01960784314	0.002331002331
0.0009149130833	0.001587301587	0.01923076923	0.002304147465
0.0008244023083	0.001464128843	0.01886792453	0.002028397566
0.0007763975155	0.001358695652	0.01785714286	0.001890359168
0.00074019245	0.001338688086	0.01785714286	0.001838235294
0.0007153075823	0.001275510204	0.01754385965	0.001739130435
0.0006618133686	0.001228501229	0.01639344262	0.001677852349
0.0006211180124	0.001152073733	0.01639344262	0.001543209877
0.0005871990605	0.001102535832	0.01639344262	0.00143472023
0.0005624296963	0.001057082452	0.01538461538	0.001390820584
>>>>>>> 56db39bd6e6985b9e9f5e9466c23d5a7a04824cd:VaccTreat_Code/Sensitivity Analysis/weights
