0.3333333333	1	1	0.3333333333
0.05555555556	0.1428571429	1	0.08333333333
0.03846153846	0.125	1	0.08333333333
0.03333333333	0.1111111111	1	0.06666666667
0.0303030303	0.09090909091	1	0.05882352941
0.02702702703	0.07692307692	1	0.05555555556
0.0243902439	0.07692307692	1	0.04545454545
0.02325581395	0.07692307692	1	0.04166666667
0.01886792453	0.05882352941	1	0.03448275862
0.01694915254	0.04761904762	1	0.03448275862
0.01515151515	0.04166666667	0.3333333333	0.03225806452
0.01298701299	0.03846153846	0.2	0.02702702703
0.01162790698	0.03703703704	0.1666666667	0.02380952381
0.01136363636	0.03703703704	0.1428571429	0.02222222222
0.01086956522	0.03125	0.1428571429	0.02222222222
0.01041666667	0.02702702703	0.1428571429	0.02127659574
0.01	0.0243902439	0.1428571429	0.02083333333
0.009345794393	0.02325581395	0.1428571429	0.01960784314
0.009090909091	0.02222222222	0.1428571429	0.01923076923
0.008849557522	0.02040816327	0.1428571429	0.01851851852
0.008474576271	0.01923076923	0.1428571429	0.01724137931
0.0078125	0.01818181818	0.125	0.01639344262
0.007633587786	0.01694915254	0.1111111111	0.01639344262
0.006134969325	0.01538461538	0.07142857143	0.01449275362
0.005494505495	0.01351351351	0.07142857143	0.01282051282
0.004694835681	0.01123595506	0.0625	0.01123595506
0.00390625	0.01020408163	0.05	0.01098901099
0.003745318352	0.009009009009	0.05	0.009803921569
0.003610108303	0.008474576271	0.05	0.008695652174
0.003355704698	0.008	0.04	0.0078125
0.003012048193	0.007246376812	0.03703703704	0.007518796992