0.5	1	1	1
0.25	1	1	0.3333333333
0.07142857143	0.25	1	0.1
0.05882352941	0.25	1	0.05882352941
0.05	0.2	1	0.05
0.04347826087	0.1428571429	1	0.04545454545
0.03846153846	0.125	1	0.04347826087
0.03333333333	0.125	1	0.03703703704
0.03125	0.125	1	0.03448275862
0.025	0.1	1	0.02941176471
0.02380952381	0.08333333333	1	0.02941176471
0.02173913043	0.07142857143	0.5	0.02777777778
0.01886792453	0.06666666667	0.25	0.025
0.01724137931	0.06666666667	0.25	0.02222222222
0.01724137931	0.06666666667	0.25	0.02222222222
0.01724137931	0.0625	0.25	0.02222222222
0.01639344262	0.05263157895	0.25	0.02173913043
0.01639344262	0.05263157895	0.25	0.02173913043
0.01492537313	0.05	0.25	0.02083333333
0.01492537313	0.04761904762	0.25	0.02083333333
0.01492537313	0.04166666667	0.25	0.02083333333
0.01428571429	0.04166666667	0.25	0.01960784314
0.01351351351	0.04166666667	0.25	0.01923076923
0.01351351351	0.04166666667	0.25	0.01923076923
0.01234567901	0.04	0.25	0.01886792453
0.01176470588	0.03703703704	0.25	0.01886792453
0.008928571429	0.02857142857	0.2	0.01612903226
0.006802721088	0.02702702703	0.2	0.01612903226
0.006622516556	0.02325581395	0.2	0.01408450704
0.006578947368	0.02173913043	0.2	0.01234567901
0.006211180124	0.02127659574	0.2	0.01149425287
0.005347593583	0.01818181818	0.2	0.01111111111