DaysSinceIndexCase_CIncidence	CIncidence	DaysSinceIndexCase_CDeaths	CDeaths	DaysSinceIndexCase_CHCWIncidence	CHCWIncidence	DaysSinceIndexCase_CNewHospitalizations	CNewHospitalizations
0	1	0	0	0	0	0	0
4	3	4	0	4	0	4	2
7	13	7	3	7	0	7	9
8	16	8	3	8	0	8	16
9	19	9	4	9	0	9	19
10	22	10	6	10	0	10	21
12	25	12	8	12	0	12	22
13	29	13	8	13	0	13	26
14	31	14	8	14	0	14	28
18	31	18	14	18	0	18	33
20	38	20	17	20	0	20	33
21	42	21	19	21	1	21	35
23	56	23	26	23	5	23	39
24	61	24	27	24	5	24	44
25	61	25	27	25	5	25	44
27	64	27	32	27	5	27	44
28	67	28	35	28	5	28	45
29	67	29	35	29	5	29	45
33	86	33	41	33	5	33	47
34	86	34	42	34	5	34	47
36	87	36	46	36	5	36	47
39	104	39	49	39	5	39	50
43	113	43	53	43	5	43	51
46	118	46	55	46	5	46	51
50	142	50	66	50	9	50	52
51	146	51	68	51	9	51	52
54	178	54	79	54	11	54	61
57	228	57	95	57	15	57	61
59	239	59	107	59	15	59	70
61	255	61	116	61	15	61	80
63	268	63	120	63	15	63	86
64	294	64	128	64	15	64	89