DaysSinceIndexCase_CIncidence	CIncidence	DaysSinceIndexCase_CDeaths	CDeaths	DaysSinceIndexCase_CHCWIncidence	CHCWIncidence	DaysSinceIndexCase_CNewHospitalizations	CNewHospitalizations
0	2	0	0	0	0	0	2
3	17	3	6	3	0	3	11
4	25	4	7	4	0	4	11
5	29	5	8	5	0	5	14
6	32	6	10	6	0	6	16
8	36	8	12	8	0	8	17
9	40	9	12	9	0	9	21
10	42	10	12	10	0	10	23
14	52	14	16	14	0	14	28
16	58	16	20	16	0	16	28
17	65	17	23	17	2	17	30
19	76	19	25	19	4	19	36
20	85	20	26	20	5	20	41
21	87	21	26	21	6	21	44
23	91	23	31	23	6	23	44
24	95	24	36	24	6	24	46
25	99	25	40	25	6	25	47
29	106	29	42	29	6	29	50
30	109	30	44	30	6	30	51
32	112	32	48	32	6	32	53
35	117	35	51	35	6	35	57
39	127	39	54	39	7	39	60
42	130	42	58	42	8	42	60
46	162	46	64	46	13	46	68
47	181	47	73	47	13	47	77
50	212	50	88	50	15	50	88
53	255	53	97	53	19	53	90
55	266	55	110	55	19	55	101
57	276	57	117	57	19	57	114
59	297	59	124	59	24	59	127
60	331	60	137	60	26	60	132				