0.5	1	1	1
0.25	1	1	0.3333333333
0.07142857143	0.25	1	0.1
0.05882352941	0.25	1	0.05882352941
0.05	0.2	1	0.05
0.04347826087	0.1428571429	1	0.04545454545
0.03846153846	0.1111111111	1	0.04347826087
0.03333333333	0.1111111111	1	0.03703703704
0.03125	0.1111111111	1	0.03448275862
0.03125	0.06666666667	1	0.02941176471
0.02564102564	0.05555555556	1	0.02941176471
0.02325581395	0.05	0.5	0.02777777778
0.01754385965	0.03703703704	0.1666666667	0.025
0.01612903226	0.03571428571	0.1666666667	0.02222222222
0.01612903226	0.03571428571	0.1666666667	0.02222222222
0.01538461538	0.0303030303	0.1666666667	0.02222222222
0.01470588235	0.02777777778	0.1666666667	0.02173913043
0.01470588235	0.02777777778	0.1666666667	0.02173913043
0.01149425287	0.02380952381	0.1666666667	0.02083333333
0.01149425287	0.02325581395	0.1666666667	0.02083333333
0.01136363636	0.02127659574	0.1666666667	0.02083333333
0.009523809524	0.02	0.1666666667	0.01960784314
0.008771929825	0.01851851852	0.1666666667	0.01923076923
0.008403361345	0.01785714286	0.1666666667	0.01923076923
0.006993006993	0.01492537313	0.1	0.01886792453
0.006802721088	0.01449275362	0.1	0.01886792453
0.005586592179	0.0125	0.08333333333	0.01612903226
0.004366812227	0.01041666667	0.0625	0.01612903226
0.004166666667	0.009259259259	0.0625	0.01408450704
0.00390625	0.008547008547	0.0625	0.01234567901
0.003717472119	0.00826446281	0.0625	0.01149425287
0.003389830508	0.007751937984	0.0625	0.01111111111